Starting Dynare (version 6.1).
Calling Dynare with arguments: none
Starting preprocessing of the model file ... 
Found 9 equation(s). 
Evaluating expressions... 
Computing static model derivatives (order 1). 
Normalizing the static model... 
Finding the optimal block decomposition of the static model... 
5 block(s) found: 
  4 recursive block(s) and 1 simultaneous block(s). 
  the largest simultaneous block has 5 equation(s) 
                                 and 5 feedback variable(s). 
Computing dynamic model derivatives (order 1). 
Normalizing the dynamic model... 
Finding the optimal block decomposition of the dynamic model... 
5 block(s) found: 
  4 recursive block(s) and 1 simultaneous block(s). 
  the largest simultaneous block has 5 equation(s) 
                                 and 5 feedback variable(s). 
Preprocessing completed. 
Preprocessing time: 0h00m00s.

EIGENVALUES:
         Modulus             Real        Imaginary
            0.95             0.95                0
          0.9528           0.9528                0
            1.06             1.06                0
       9.732e+15       -9.732e+15                0

There are 2 eigenvalue(s) larger than 1 in modulus for 2 forward-looking variable(s)
The rank condition is verified.


STEADY-STATE RESULTS:

y    		 0.108338
I    		 -1.25267
k    		 2.43621
z    		 0
c    		 -0.187918
h    		 -1.20109
w    		 0.863142
r    		 -3.34953
prod 		 1.30943

MODEL SUMMARY

  Number of variables:         9
  Number of stochastic shocks: 1
  Number of state variables:   2
  Number of jumpers:           2
  Number of static variables:  5


MATRIX OF COVARIANCE OF EXOGENOUS SHOCKS
Variables           e
e            0.000049

POLICY AND TRANSITION FUNCTIONS
                                   y               I               k               z               c               h               w               r            prod
Constant                    0.108338       -1.252667        2.436212               0       -0.187918       -1.201091        0.863142       -3.349525        1.309429
k(-1)                       0.193200       -0.887907        0.952802               0        0.565982       -0.260624        0.453825       -0.806800        0.453825
z(-1)                       1.413070        4.414448        0.110361        0.950000        0.378152        0.723547        0.689523        1.413070        0.689523
e                           1.487442        4.646787        0.116170        1.000000        0.398055        0.761628        0.725814        1.487442        0.725814


MOMENTS OF SIMULATED VARIABLES (HP filter, lambda = 1600)
VARIABLE              MEAN       STD. DEV.        VARIANCE        SKEWNESS        KURTOSIS
y                 0.081230        0.012524        0.000157        0.134088        0.040459
I                -1.300115        0.039034        0.001524        0.106255        0.152602
k                 2.410684        0.003340        0.000011        0.253353       -0.935613
z                -0.014982        0.008396        0.000070        0.123119        0.088437
c                -0.208012        0.003885        0.000015        0.212440       -0.415644
h                -1.205994        0.006426        0.000041        0.092458        0.195787
w                 0.840938        0.006322        0.000040        0.171089       -0.152655
r                -3.351667        0.012691        0.000161        0.073819        0.239916
prod              1.287225        0.006322        0.000040        0.171089       -0.152655


CORRELATION OF SIMULATED VARIABLES (HP filter, lambda = 1600)
VARIABLE         y       I       k       z       c       h       w       r    prod
y           1.0000  0.9920  0.3693  0.9987  0.8989  0.9827  0.9821  0.9654  0.9821
I           0.9920  1.0000  0.2488  0.9971  0.8362  0.9982  0.9504  0.9906  0.9504
k           0.3693  0.2488  1.0000  0.3212  0.7392  0.1908  0.5376  0.1141  0.5376
z           0.9987  0.9971  0.3212  1.0000  0.8752  0.9909  0.9712  0.9775  0.9712
c           0.8989  0.8362  0.7392  0.8752  1.0000  0.8021  0.9653  0.7535  0.9653
h           0.9827  0.9982  0.1908  0.9909  0.8021  1.0000  0.9303  0.9970  0.9303
w           0.9821  0.9504  0.5376  0.9712  0.9653  0.9303  1.0000  0.8990  1.0000
r           0.9654  0.9906  0.1141  0.9775  0.7535  0.9970  0.8990  1.0000  0.8990
prod        0.9821  0.9504  0.5376  0.9712  0.9653  0.9303  1.0000  0.8990  1.0000


AUTOCORRELATION OF SIMULATED VARIABLES (HP filter, lambda = 1600)
VARIABLE          1        2        3        4        5
y            0.6588   0.3462   0.0706   0.0042  -0.0801
I            0.6469   0.3261   0.0475  -0.0126  -0.0942
k            0.9405   0.8176   0.6541   0.4852   0.3221
z            0.6529   0.3364   0.0591  -0.0044  -0.0874
c            0.7606   0.5163   0.2777   0.1705   0.0593
h            0.6443   0.3218   0.0430  -0.0152  -0.0963
w            0.6918   0.4013   0.1366   0.0561  -0.0366
r            0.6440   0.3211   0.0433  -0.0135  -0.0947
prod         0.6918   0.4013   0.1366   0.0561  -0.0366

----------------------------------------------------- 
ESTADÍSTICAS DE LAS VARIABLES*           
----------------------------------------------------- 
                     	      std(x) 	   corr(y,x) 
y                    	 1.34 (0.13) 	 1.00 (0.00) 
I                    	 4.18 (0.40) 	 0.87 (0.03) 
k                    	 0.36 (0.06) 	 0.93 (0.02) 
z                    	 0.90 (0.09) 	 0.71 (0.09) 
c                    	 0.42 (0.05) 	 0.81 (0.06) 
h                    	 0.69 (0.07) 	 0.95 (0.01) 
w                    	 0.68 (0.07) 	 0.58 (0.15) 
r                    	 1.36 (0.13) 	 0.95 (0.01) 
prod                 	 0.68 (0.07) 	 0.99 (0.00) 
----------------------------------------------------- 

------------------------- 
DESVIACIONES RELATIVAS*                  
------------------------- 
std(c)/std(y) 	 0.31 
std(I)/std(y) 	 3.12 
std(h)/std(y) 	 0.51 
std(w)/std(y) 	 0.50 
std(h)/std(w) 	 1.02 
corr(h,w)     	 0.87 
------------------------- 

* Nota:                                  
----------------------------------------------------- 
- N° de Simulaciones consideradas: 9500 de 10000 
- N° de Periodos: 200
----------------------------------------------------- 
Total computing time : 0h00m16s
