Starting Dynare (version 6.1).
Calling Dynare with arguments: none
Starting preprocessing of the model file ... 
Found 9 equation(s). 
Evaluating expressions... 
Computing static model derivatives (order 1). 
Normalizing the static model... 
Finding the optimal block decomposition of the static model... 
4 block(s) found: 
  3 recursive block(s) and 1 simultaneous block(s). 
  the largest simultaneous block has 6 equation(s) 
                                 and 6 feedback variable(s). 
Computing dynamic model derivatives (order 1). 
Normalizing the dynamic model... 
Finding the optimal block decomposition of the dynamic model... 
4 block(s) found: 
  3 recursive block(s) and 1 simultaneous block(s). 
  the largest simultaneous block has 6 equation(s) 
                                 and 6 feedback variable(s). 
Preprocessing completed. 
Preprocessing time: 0h00m00s.
dynare_solve: starting value results in nonfinite/NaN value. Randomize initial guess...

EIGENVALUES:
         Modulus             Real        Imaginary
            0.95             0.95                0
          0.9635           0.9635                0
            1.05             1.05                0
       4.612e+18       -4.612e+18                0

There are 2 eigenvalue(s) larger than 1 in modulus for 2 forward-looking variable(s)
The rank condition is verified.

dynare_solve: starting value results in nonfinite/NaN value. Randomize initial guess...

STEADY-STATE RESULTS:

c             		 1.78506
k             		 4.40919
h             		 0.771891
y             		 2.08132
z             		 0
r             		 0.035101
w             		 2.2501
i             		 0.720315
productividad 		 14.8261

MODEL SUMMARY

  Number of variables:         9
  Number of stochastic shocks: 1
  Number of state variables:   2
  Number of jumpers:           2
  Number of static variables:  5


MATRIX OF COVARIANCE OF EXOGENOUS SHOCKS
Variables         e_z
e_z          0.000049

POLICY AND TRANSITION FUNCTIONS
                                   c               k               h               y               z               r               w               i   productividad
Constant                    1.785065        4.409195        0.771891        2.081321               0        0.035101        2.250103        0.720315       14.826119
k(-1)                       0.609517        0.963472       -0.039063        0.335000               0       -0.023342        0.570454       -0.461132        8.457624
z(-1)                       0.331104        0.083943        0.245528        1.107138        0.950000        0.038862        0.576632        3.357724        8.549222
e_z                         0.348531        0.088361        0.258451        1.165409        1.000000        0.040907        0.606982        3.534447        8.999181


MOMENTS OF SIMULATED VARIABLES (HP filter, lambda = 1600)
VARIABLE                   MEAN       STD. DEV.        VARIANCE        SKEWNESS        KURTOSIS
c                      1.763730        0.003463        0.000012       -0.085688       -0.218448
k                      4.381333        0.002615        0.000007        0.003308       -1.012283
h                      0.769700        0.002200        0.000005       -0.129328        0.230667
y                      2.057251        0.010051        0.000101       -0.115779        0.139492
z                     -0.012675        0.008534        0.000073       -0.124420        0.201027
r                      0.035230        0.000349        0.000000       -0.143847        0.299942
w                      2.226577        0.005492        0.000030       -0.099887       -0.016360
i                      0.688314        0.030089        0.000905       -0.128644        0.226740
productividad         14.477310        0.081418        0.006629       -0.099887       -0.016360


CORRELATION OF SIMULATED VARIABLES (HP filter, lambda = 1600)
VARIABLE                     c              k              h              y              z              r              w              i  productividad
c                       1.0000         0.7411         0.8749         0.9300         0.8957         0.8078         0.9810         0.8778         0.9810
k                       0.7411         1.0000         0.3232         0.4424         0.3653         0.2029         0.5968         0.3290         0.5968
h                       0.8749         0.3232         1.0000         0.9917         0.9990         0.9922         0.9522         1.0000         0.9522
y                       0.9300         0.4424         0.9917         1.0000         0.9964         0.9679         0.9836         0.9924         0.9836
z                       0.8957         0.3653         0.9990         0.9964         1.0000         0.9856         0.9650         0.9993         0.9650
r                       0.8078         0.2029         0.9922         0.9679         0.9856         1.0000         0.9068         0.9914         0.9068
w                       0.9810         0.5968         0.9522         0.9836         0.9650         0.9068         1.0000         0.9541         1.0000
i                       0.8778         0.3290         1.0000         0.9924         0.9993         0.9914         0.9541         1.0000         0.9541
productividad           0.9810         0.5968         0.9522         0.9836         0.9650         0.9068         1.0000         0.9541         1.0000


AUTOCORRELATION OF SIMULATED VARIABLES (HP filter, lambda = 1600)
VARIABLE               1        2        3        4        5
c                 0.8007   0.5770   0.3639   0.1857   0.0699
k                 0.9458   0.8204   0.6557   0.4851   0.3221
h                 0.7060   0.4259   0.1959   0.0217  -0.0674
y                 0.7209   0.4482   0.2187   0.0439  -0.0485
z                 0.7102   0.4321   0.2019   0.0276  -0.0624
r                 0.6994   0.4175   0.1900   0.0158  -0.0728
w                 0.7540   0.5006   0.2765   0.1003  -0.0013
i                 0.7065   0.4266   0.1966   0.0224  -0.0668
productividad     0.7540   0.5006   0.2765   0.1003  -0.0013
Total computing time : 0h00m06s
